50.8402 0.438437 0.881267 0.547864 0.515379 0.513254 0.548418 0.836208 0.187089 0.43348 0.467318 0.633339 0.620358 0.384945 0.494373 0.82117 0.535464 0.381144 0.17077 0.350946 0.0511761 0.271581 0.173482 0.681232 0.257703 0.469575 0.327334 0.236752 0.971263 0.150918 0.285846 0.491367 0.629376 0.371798 0.520937 0.752962 0.681029 0.858808 0.433567 0.883328 0.491448 0.398873 0.281102 0.942338 0.309085 0.240804 0.547344 0.882518 0.380165 0.658696 0.424202 0.276129 0.152008 0.757644 0.477681 0.665466 0.240744 0.505139 0.262866 0.420181 0.398803 0.711899 0.464355 0.800608 0.511491 0.683351 0.588861 0.595542 0.43391 0.637067 0.293302 0.392003 0.229794 0.482437 0.718902 0.670992 0.484659 0.862758 0.436139 0.324403 0.556143 0.328004 0.426198 0.489479 0.61999 0.417763 0.39119 0.817529 0.184128 0.677535 0.5302 0.34469 0.739371 0.700099 0.681139 0.58918 0.301683 0.748776 0.776198 0.512407 
0.438437 50.2158 0.847032 0.91253 0.368648 0.778358 0.802293 0.372447 0.703619 0.193318 0.713185 0.370166 0.480941 0.497614 0.363559 0.511435 0.762156 0.340059 0.212342 0.952473 0.142029 0.114379 0.616357 0.824815 0.766845 0.839083 0.565547 0.575025 0.63618 0.199813 0.154021 0.409275 0.694079 0.122869 0.371009 0.809132 0.318741 0.40315 0.265841 0.740617 0.16164 0.752086 0.152245 0.571149 0.168487 0.235303 0.678646 0.764724 0.462727 0.737804 0.33081 0.530611 0.217165 0.0826749 0.453135 0.491216 0.254129 0.282369 0.612166 0.728508 0.519163 0.418955 0.255726 0.488949 0.568556 0.139649 0.592025 0.203657 0.973712 0.214839 0.92811 0.161427 0.193646 0.527822 0.369573 0.254205 0.143622 0.611611 0.639877 0.717155 0.21082 0.704253 0.688794 0.5338 0.509624 0.454283 0.54888 0.792714 0.281444 0.97741 0.758489 0.494636 0.773375 0.395007 0.276613 0.593715 0.517272 0.619252 0.821376 0.462865 
0.881267 0.847032 50.9034 0.946619 0.622758 0.700714 0.247907 0.791245 0.917692 0.482714 0.683399 0.128306 0.800649 0.186802 0.514981 0.393771 0.454135 0.232971 0.325357 0.435973 0.32504 0.470044 0.686732 0.684606 0.297048 0.591445 0.441837 0.158238 0.381479 0.549506 0.783265 0.640317 0.368962 0.489263 0.305346 0.379449 0.343102 0.780162 0.843549 0.565431 0.372718 0.400191 0.310398 0.522371 0.664825 0.576073 0.767922 0.334878 0.240328 0.799165 0.454374 0.6372 0.357576 0.251575 0.560324 0.557141 0.861966 0.588045 0.432693 0.397665 0.818678 0.828577 0.771249 0.530576 0.412773 0.184665 0.245491 0.837312 0.715977 0.517987 0.304236 0.316725 0.306948 0.511167 0.669364 0.356925 0.870891 0.469741 0.526989 0.580303 0.887731 0.390422 0.488884 0.504274 0.502027 0.298588 0.501076 0.530381 0.811002 0.80704 0.337921 0.688412 0.317104 0.714163 0.753768 0.95499 0.581629 0.26658 0.844829 0.540698 
0.547864 0.91253 0.946619 50.874 0.514022 0.383656 0.282568 0.285922 0.48303 0.297316 0.461865 0.922492 0.574869 0.427653 0.305017 0.447891 0.409432 0.171318 0.688062 0.325369 0.4426 0.53723 0.274536 0.496673 0.398187 0.106917 0.206287 0.236987 0.509923 0.748151 0.47381 0.770037 0.663126 0.761944 0.723394 0.631535 0.255418 0.566741 0.481827 0.342701 0.446664 0.329341 0.458441 0.497264 0.594021 0.386887 0.30706 0.382603 0.337547 0.75369 0.469159 0.138023 0.343971 0.514487 0.331017 0.166264 0.535178 0.774876 0.65531 0.428032 0.745826 0.70202 0.421451 0.367329 0.250287 0.654675 0.816039 0.684822 0.872493 0.631747 0.682477 0.154355 0.594336 0.0186769 0.699552 0.66338 0.482947 0.0968207 0.911196 0.802237 0.169124 0.339942 0.668365 0.580542 0.551865 0.518472 0.49595 0.179911 0.347112 0.249959 0.314424 0.580887 0.82422 0.561956 0.0434789 0.387417 0.337179 0.765609 0.551504 0.307758 
0.515379 0.368648 0.622758 0.514022 50.595 0.378219 0.432535 0.849047 0.375741 0.324799 0.575434 0.444737 0.631719 0.698485 0.127182 0.89645 0.225926 0.263573 0.512219 0.367804 0.394318 0.375776 0.64172 0.216018 0.516472 0.655754 0.238944 0.579186 0.79152 0.503372 0.23951 0.558228 0.54782 0.727408 0.31767 0.48457 0.219309 0.372737 0.320428 0.425492 0.499599 0.469742 0.428426 0.443641 0.186117 0.271982 0.356535 0.205593 0.418609 0.46961 0.570717 0.488367 0.419493 0.469295 0.346362 0.774968 0.169055 0.804346 0.755118 0.518659 0.806269 0.623057 0.825665 0.225561 0.748791 0.285279 0.54349 0.664541 0.67676 0.427301 0.691481 0.687719 0.666977 0.512964 0.597813 0.672104 0.429968 0.0585147 0.386281 0.801693 0.0959092 0.714044 0.649734 0.437538 0.446131 0.249113 0.459178 0.426704 0.675954 0.467024 0.394234 0.272329 0.406073 0.78245 0.570412 0.279807 0.737912 0.233762 0.481257 0.336408 
0.513254 0.778358 0.700714 0.383656 0.378219 50.7061 0.711686 0.36823 0.48914 0.601403 0.119481 0.925998 0.768211 0.672486 0.454069 0.40856 0.80874 0.852092 0.696657 0.382123 0.742453 0.903045 0.840121 0.377146 0.863466 0.535632 0.733246 0.77881 0.596086 0.766317 0.333108 0.63214 0.559291 0.371415 0.629998 0.517134 0.475025 0.52385 0.59043 0.38958 0.447406 0.770751 0.7086 0.26627 0.412619 0.224261 0.679765 0.497091 0.528234 0.258153 0.0617797 0.317178 0.752399 0.520801 0.874833 0.578714 0.461938 0.56855 0.0738391 0.232463 0.219795 0.336683 0.0913888 0.37987 0.407329 0.450391 0.445228 0.524668 0.498247 0.864358 0.147331 0.327114 0.341131 0.720801 0.468473 0.117129 0.572943 0.802569 0.786803 0.448451 0.611213 0.553319 0.704456 0.840041 0.793054 0.653667 0.520433 0.354161 0.34989 0.689778 0.743256 0.534177 0.539096 0.518761 0.377705 0.442159 0.818403 0.835326 0.7123 0.157824 
0.548418 0.802293 0.247907 0.282568 0.432535 0.711686 50.6222 0.391069 0.643852 0.279914 0.461282 0.507904 0.504699 0.602916 0.714297 0.187798 0.64996 0.114818 0.553415 0.509293 0.782259 0.750718 0.364366 0.40507 0.518481 0.397869 0.344044 0.310867 0.0910545 0.494636 0.715221 0.71704 0.449102 0.656909 0.322582 0.705053 0.56556 0.785641 0.55461 0.67726 0.196329 0.215982 0.761288 0.339784 0.933455 0.749595 0.428084 0.229519 0.622498 0.35372 0.497395 0.63054 0.594666 0.926117 0.179645 0.385564 0.390184 0.599917 0.6056 0.579827 0.0846226 0.164748 0.742284 0.486167 0.532834 0.126824 0.659671 0.417067 0.940042 0.2171 0.602083 0.34231 0.67747 0.702573 0.575358 0.529655 0.594931 0.914714 0.676676 0.259317 0.232272 0.401336 0.455243 0.843262 0.247725 0.922306 0.167007 0.494543 0.270949 0.362438 0.805332 0.598375 0.46197 0.537038 0.327102 0.196151 0.662971 0.8655 0.710876 0.792423 
0.836208 0.372447 0.791245 0.285922 0.849047 0.36823 0.391069 50.0534 0.0982485 0.222506 0.217889 0.200397 0.489393 0.253187 0.919131 0.835636 0.450252 0.727487 0.377562 0.614008 0.319994 0.341979 0.659564 0.593581 0.885743 0.627676 0.571343 0.308315 0.557199 0.201833 0.328176 0.637193 0.530125 0.210844 0.697839 0.447797 0.148558 0.276398 0.592957 0.350168 0.449603 0.799919 0.330335 0.326414 0.49155 0.40952 0.576119 0.698401 0.255229 0.459613 0.496434 0.512834 0.869694 0.453414 0.638706 0.786951 0.581151 0.751376 0.621972 0.540702 0.0668512 0.70193 0.595905 0.56421 0.309785 0.537856 0.886973 0.712885 0.584463 0.395515 0.214274 0.175493 0.104333 0.284391 0.259205 0.779087 0.567169 0.663863 0.729976 0.466747 0.156509 0.602495 0.719172 0.341329 0.208666 0.418505 0.695263 0.791848 0.37186 0.581754 0.596334 0.490464 0.460807 0.64287 0.534654 0.34639 0.778805 0.7287 0.545026 0.519248 
0.187089 0.703619 0.917692 0.48303 0.375741 0.48914 0.643852 0.0982485 50.7467 0.467428 0.433335 0.869369 0.638197 0.493551 0.927103 0.717961 0.481877 0.457596 0.294807 0.341042 0.352949 0.238198 0.376277 0.346619 0.310827 0.302156 0.458285 0.507897 0.289924 0.4941 0.754164 0.557594 0.536595 0.65784 0.247178 0.816208 0.393711 0.178737 0.484644 0.705186 0.689419 0.477065 0.241222 0.261183 0.250059 0.701842 0.0769097 0.357539 0.315171 0.282791 0.359454 0.796234 0.432377 0.776248 0.500738 0.866879 0.511099 0.494121 0.631361 0.227189 0.578473 0.353129 0.49068 0.636386 0.424182 0.5279 0.670368 0.587734 0.838232 0.406915 0.795101 0.32255 0.677504 0.194176 0.677715 0.105342 0.417371 0.276199 0.501716 0.963677 0.612201 0.771083 0.441046 0.469066 0.711795 0.583282 0.41089 0.48 0.638908 0.120791 0.379543 0.437653 0.311993 0.0930443 0.255557 0.723759 0.713295 0.556854 0.0967685 0.685395 
0.43348 0.193318 0.482714 0.297316 0.324799 0.601403 0.279914 0.222506 0.467428 50.947 0.333007 0.398986 0.550457 0.62442 0.198512 0.304081 0.474009 0.495903 0.868632 0.388006 0.775547 0.416073 0.534522 0.686123 0.490738 0.170027 0.525021 0.335558 0.613986 0.715173 0.46637 0.160256 0.851511 0.179852 0.35494 0.382786 0.518658 0.397881 0.437617 0.545919 0.413779 0.648243 0.371303 0.337751 0.444528 0.829302 0.562992 0.390165 0.47626 0.584114 0.572373 0.31863 0.657266 0.383394 0.510435 0.78624 0.619888 0.369325 0.529434 0.517674 0.15404 0.313966 0.422553 0.205711 0.635953 0.660196 0.441857 0.549261 0.819089 0.418822 0.188474 0.114929 0.443677 0.514604 0.296811 0.541642 0.73229 0.409183 0.388349 0.258531 0.891059 0.586187 0.297241 0.632563 0.423186 0.663699 0.603238 0.503784 0.629076 0.617167 0.468512 0.425856 0.275176 0.333397 0.848481 0.113933 0.528575 0.299634 0.476479 0.577191 
0.467318 0.713185 0.683399 0.461865 0.575434 0.119481 0.461282 0.217889 0.433335 0.333007 50.2364 0.419558 0.427906 0.192422 0.615932 0.487012 0.513676 0.255617 0.246691 0.470878 0.730347 0.810494 0.635644 0.387747 0.208334 0.609288 0.692692 0.648691 0.470756 0.886552 0.517951 0.21183 0.509719 0.397966 0.635279 0.9781 0.336716 0.553767 0.498371 0.51808 0.409016 0.273775 0.349332 0.495384 0.699954 0.693814 0.837594 0.0570704 0.0581064 0.178079 0.89979 0.86455 0.0486711 0.235063 0.319606 0.128519 0.824758 0.613913 0.285993 0.664629 0.284658 0.490419 0.725419 0.686065 0.336281 0.188149 0.620743 0.674771 0.240406 0.825487 0.699175 0.424014 0.244955 0.466158 0.507324 0.496471 0.670263 0.486105 0.463838 0.890315 0.673949 0.0977854 0.749799 0.539198 0.627843 0.354285 0.271936 0.197077 0.596235 0.351016 0.58341 0.281536 0.738564 0.371774 0.718567 0.231978 0.775477 0.351219 0.604758 0.536321 
0.633339 0.370166 0.128306 0.922492 0.444737 0.925998 0.507904 0.200397 0.869369 0.398986 0.419558 50.7297 0.560444 0.0822544 0.54901 0.918161 0.104054 0.671757 0.355168 0.329066 0.466019 0.719201 0.672806 0.53511 0.470853 0.41955 0.575227 0.596708 0.193816 0.552162 0.681412 0.455875 0.404772 0.366691 0.599544 0.766592 0.569532 0.977318 0.107252 0.130721 0.182643 0.279124 0.462984 0.793448 0.563827 0.738919 0.672524 0.239572 0.668328 0.350427 0.212611 0.521038 0.703366 0.638397 0.376218 0.824453 0.469642 0.477549 0.797593 0.679612 0.627766 0.253688 0.220686 0.59186 0.531919 0.23514 0.180873 0.303051 0.188116 0.690636 0.374421 0.401078 0.871592 0.355634 0.104108 0.498487 0.815357 0.73669 0.421355 0.348289 0.568771 0.434735 0.675518 0.875322 0.127297 0.654454 0.531663 0.554909 0.282222 0.677317 0.639606 0.931545 0.473889 0.619236 0.192939 0.624282 0.514285 0.30313 0.60775 0.308052 
0.620358 0.480941 0.800649 0.574869 0.631719 0.768211 0.504699 0.489393 0.638197 0.550457 0.427906 0.560444 50.8642 0.640471 0.617255 0.446691 0.550384 0.28383 0.588026 0.0525698 0.426524 0.322151 0.720722 0.596177 0.575463 0.567378 0.578852 0.569937 0.316481 0.419322 0.502544 0.28739 0.331271 0.411285 0.173632 0.285239 0.739498 0.951369 0.287372 0.403701 0.250092 0.162139 0.339518 0.519978 0.624056 0.424871 0.322084 0.490708 0.487588 0.65233 0.519788 0.753019 0.365726 0.695026 0.480075 0.100274 0.628925 0.486893 0.536809 0.29252 0.741052 0.315884 0.593292 0.23141 0.830439 0.494053 0.741844 0.457028 0.596527 0.0636152 0.0120738 0.116283 0.553165 0.198703 0.437705 0.153545 0.640982 0.507462 0.400505 0.712054 0.519627 0.685336 0.34176 0.447154 0.319036 0.252041 0.376681 0.533231 0.359006 0.722043 0.525992 0.53456 0.132598 0.296058 0.553904 0.468514 0.183048 0.554056 0.80725 0.951951 
0.384945 0.497614 0.186802 0.427653 0.698485 0.672486 0.602916 0.253187 0.493551 0.62442 0.192422 0.0822544 0.640471 50.3496 0.718836 0.759058 0.812034 0.415038 0.583587 0.478781 0.583802 0.747983 0.452755 0.429259 0.488201 0.519296 0.308211 0.544766 0.497098 0.32989 0.199045 0.457225 0.175962 0.186212 0.931275 0.580026 0.361997 0.692768 0.603435 0.564705 0.448143 0.210125 0.803143 0.385087 0.670884 0.590107 0.611857 0.418322 0.578978 0.461186 0.381736 0.382651 0.428922 0.0231508 0.450206 0.364321 0.501679 0.460355 0.162662 0.37636 0.762863 0.498753 0.276478 0.419508 0.403843 0.193313 0.367089 0.154085 0.725581 0.11291 0.466101 0.334776 0.482853 0.601781 0.342884 0.459762 0.813082 0.309236 0.349168 0.731868 0.643431 0.424881 0.747108 0.42678 0.615331 0.530745 0.475312 0.646267 0.503173 0.418605 0.561129 0.472903 0.306445 0.527184 0.280056 0.733127 0.2781 0.0930075 0.71402 0.713447 
0.494373 0.363559 0.514981 0.305017 0.127182 0.454069 0.714297 0.919131 0.927103 0.198512 0.615932 0.54901 0.617255 0.718836 50.9332 0.182775 0.552472 0.562017 0.658281 0.306573 0.505787 0.477691 0.206527 0.175753 0.459726 0.73468 0.902023 0.495606 0.303668 0.431056 0.32408 0.673574 0.508244 0.592331 0.980046 0.459529 0.329905 0.594292 0.18031 0.336449 0.835492 0.556696 0.699906 0.664256 0.487136 0.6233 0.5735 0.924323 0.500345 0.110997 0.58768 0.340478 0.800865 0.626342 0.458055 0.53697 0.972732 0.579011 0.42231 0.589919 0.240577 0.295469 0.242907 0.569322 0.494654 0.186015 0.540591 0.238623 0.481221 0.465268 0.672251 0.525457 0.581222 0.389181 0.721952 0.296026 0.491285 0.42517 0.342302 0.859333 0.526412 0.554373 0.321057 0.610685 0.978259 0.79372 0.487037 0.664258 0.416279 0.514952 0.642662 0.188432 0.77704 0.730303 0.750248 0.767141 0.720512 0.391025 0.239075 0.527645 
0.82117 0.511435 0.393771 0.447891 0.89645 0.40856 0.187798 0.835636 0.717961 0.304081 0.487012 0.918161 0.446691 0.759058 0.182775 50.793 0.338661 0.583836 0.457444 0.423498 0.605291 0.539943 0.315279 0.666509 0.882491 0.771174 0.422472 0.624206 0.48115 0.736532 0.336799 0.523476 0.50918 0.972365 0.355458 0.375815 0.143448 0.873389 0.519157 0.59236 0.472817 0.377375 0.657393 0.491041 0.562147 0.371199 0.557856 0.599723 0.200389 0.340784 0.31057 0.464949 0.638158 0.649333 0.857632 0.587478 0.605273 0.552705 0.315236 0.506307 0.803619 0.402695 0.473868 0.31594 0.434748 0.903387 0.179929 0.620395 0.579811 0.505477 0.486847 0.305016 0.497179 0.257403 0.106439 0.742136 0.310565 0.549558 0.380721 0.704861 0.290927 0.629836 0.235549 0.653709 0.175471 0.320545 0.490631 0.0297623 0.548191 0.280879 0.506855 0.102544 0.960152 0.695002 0.0414402 0.300364 0.674995 0.492165 0.357637 0.520467 
0.535464 0.762156 0.454135 0.409432 0.225926 0.80874 0.64996 0.450252 0.481877 0.474009 0.513676 0.104054 0.550384 0.812034 0.552472 0.338661 50.8211 0.747423 0.456795 0.17936 0.226322 0.0664842 0.343341 0.234548 0.647593 0.455183 0.426637 0.367035 0.248258 0.602128 0.521994 0.737535 0.833567 0.661002 0.638151 0.239477 0.602977 0.593684 0.143571 0.310089 0.504002 0.670581 0.468053 0.368399 0.825031 0.542055 0.339856 0.602768 0.660427 0.907925 0.400443 0.510569 0.710258 0.386003 0.582665 0.453517 0.45896 0.584962 0.249204 0.232204 0.52898 0.796908 0.415275 0.802325 0.48617 0.417668 0.114765 0.828908 0.929247 0.478792 0.942189 0.28259 0.311837 0.33382 0.341192 0.567695 0.365555 0.598092 0.58043 0.953383 0.360786 0.863443 0.92023 0.321798 0.7866 0.383974 0.987932 0.495503 0.456551 0.318255 0.844126 0.792011 0.361927 0.49858 0.79351 0.329166 0.528862 0.774904 0.336814 0.95765 
0.381144 0.340059 0.232971 0.171318 0.263573 0.852092 0.114818 0.727487 0.457596 0.495903 0.255617 0.671757 0.28383 0.415038 0.562017 0.583836 0.747423 50.5879 0.607151 0.389254 0.299749 0.108535 0.677662 0.489794 0.679326 0.0723283 0.622048 0.640106 0.586478 0.559729 0.849458 0.759023 0.295738 0.406899 0.396125 0.593659 0.291472 0.414332 0.532165 0.26023 0.43064 0.493293 0.436599 0.767778 0.0863387 0.564875 0.471826 0.849571 0.684517 0.777091 0.602552 0.697399 0.828076 0.578872 0.473972 0.787274 0.522268 0.681649 0.425492 0.51068 0.405025 0.498271 0.5984 0.625872 0.413199 0.532338 0.730648 0.517854 0.739462 0.635979 0.136403 0.172182 0.559282 0.651395 0.00686509 0.590708 0.120951 0.536332 0.417718 0.058083 0.456899 0.434425 0.287273 0.187375 0.562993 0.380665 0.118628 0.430051 0.503667 0.583816 0.362406 0.345418 0.600001 0.69637 0.524076 0.462451 0.42836 0.582202 0.326133 0.177701 
0.17077 0.212342 0.325357 0.688062 0.512219 0.696657 0.553415 0.377562 0.294807 0.868632 0.246691 0.355168 0.588026 0.583587 0.658281 0.457444 0.456795 0.607151 50.5462 0.618263 0.480686 0.637426 0.295286 0.273203 0.435497 0.897036 0.519617 0.818994 0.248199 0.704582 0.342033 0.456209 0.726091 0.393101 0.200879 0.314465 0.416095 0.626335 0.661223 0.244101 0.379306 0.572881 0.151884 0.161765 0.216919 0.640808 0.425367 0.888529 0.776778 0.497145 0.576779 0.342273 0.512233 0.42149 0.880716 0.758906 0.534866 0.43864 0.684655 0.584021 0.191682 0.941288 0.495014 0.592436 0.45812 0.674199 0.144484 0.275956 0.504489 0.537567 0.582031 0.634352 0.353194 0.656554 0.530833 0.326852 0.623234 0.205551 0.459317 0.254677 0.478874 0.343984 0.596991 0.348654 0.417454 0.450131 0.925333 0.376675 0.414457 0.55803 0.156179 0.491222 0.537153 0.632367 0.501467 0.243081 0.612957 0.654433 0.503518 0.532739 
0.350946 0.952473 0.435973 0.325369 0.367804 0.382123 0.509293 0.614008 0.341042 0.388006 0.470878 0.329066 0.0525698 0.478781 0.306573 0.423498 0.17936 0.389254 0.618263 50.0514 0.889005 0.586395 0.456794 0.715585 0.621416 0.70706 0.709061 0.456184 0.431905 0.544345 0.606631 0.338876 0.652433 0.051418 0.382925 0.849108 0.379396 0.219077 0.608914 0.571726 0.63571 0.211094 0.626475 0.50077 0.578114 0.364584 0.884815 0.0781079 0.396685 0.611545 0.587402 0.623327 0.245237 0.393814 0.476436 0.818595 0.518349 0.304633 0.183328 0.323873 0.629909 0.18234 0.620306 0.806416 0.488821 0.256521 0.635566 0.167937 0.566529 0.484256 0.645768 0.499728 0.81783 0.173152 0.297677 0.599104 0.780876 0.456414 0.754678 0.417009 0.678814 0.526581 0.330951 0.56529 0.125696 0.648732 0.564058 0.668373 0.479231 0.0928694 0.73899 0.603789 0.267175 0.628908 0.598403 0.420761 0.345937 0.489532 0.542641 0.653947 
0.0511761 0.142029 0.32504 0.4426 0.394318 0.742453 0.782259 0.319994 0.352949 0.775547 0.730347 0.466019 0.426524 0.583802 0.505787 0.605291 0.226322 0.299749 0.480686 0.889005 50.6733 0.090873 0.496355 0.632714 0.309403 0.641483 0.244914 0.215494 0.739215 0.443421 0.525389 0.600642 0.705097 0.0908247 0.434149 0.239676 0.560174 0.367838 0.504381 0.0273894 0.33386 0.436944 0.664425 0.467749 0.667014 0.298093 0.45437 0.612753 0.499142 0.358917 0.630734 0.842068 0.174953 0.518355 0.562972 0.458543 0.461869 0.714267 0.593245 0.663502 0.362227 0.519897 0.599994 0.235222 0.704324 0.823502 0.425002 0.400413 0.397979 0.509939 0.677996 0.411337 0.352755 0.507103 0.261029 0.58484 0.617581 0.204471 0.531495 0.49175 0.426101 0.669115 0.761753 0.578849 0.595121 0.650559 0.527793 0.668399 0.307023 0.83691 0.70199 0.582328 0.646891 0.804149 0.471437 0.88621 0.839145 0.549565 0.481276 0.246412 
0.271581 0.114379 0.470044 0.53723 0.375776 0.903045 0.750718 0.341979 0.238198 0.416073 0.810494 0.719201 0.322151 0.747983 0.477691 0.539943 0.0664842 0.108535 0.637426 0.586395 0.090873 50.0285 0.410633 0.664286 0.544789 0.670332 0.334505 0.541287 0.838932 0.748824 0.741712 0.37882 0.565913 0.0551432 0.620897 0.237315 0.929482 0.257976 0.852091 0.0989563 0.793975 0.776327 0.62863 0.589331 0.372716 0.738407 0.399995 0.496588 0.609446 0.262338 0.595111 0.654243 0.366684 0.880502 0.552384 0.680681 0.836278 0.700765 0.591084 0.497384 0.647696 0.447519 0.481907 0.126251 0.362112 0.252381 0.340038 0.436313 0.474198 0.740825 0.156292 0.296483 0.0881762 0.49527 0.594236 0.213463 0.393616 0.510219 0.330074 0.157489 0.519647 0.232433 0.582621 0.795835 0.169502 0.101881 0.488021 0.655516 0.504184 0.612768 0.316129 0.491432 0.112535 0.862824 0.724725 0.226916 0.307827 0.367176 0.732614 0.797639 
0.173482 0.616357 0.686732 0.274536 0.64172 0.840121 0.364366 0.659564 0.376277 0.534522 0.635644 0.672806 0.720722 0.452755 0.206527 0.315279 0.343341 0.677662 0.295286 0.456794 0.496355 0.410633 50.8571 0.514766 0.502 0.844114 0.242905 0.594318 0.429973 0.376525 0.452146 0.748529 0.408928 0.45798 0.322516 0.148408 0.257305 0.494855 0.672553 0.260052 0.492763 0.532022 0.769104 0.575903 0.615965 0.546187 0.410072 0.563076 0.407919 0.687198 0.637103 0.468981 0.522906 0.700792 0.215608 0.743311 0.458985 0.776013 0.468982 0.117386 0.684162 0.61352 0.539832 0.558194 0.550328 0.766568 0.452804 0.912816 0.579844 0.717543 0.556501 0.590149 0.34667 0.370787 0.461471 0.614762 0.296083 0.0937716 0.229346 0.754531 0.573514 0.396977 0.499121 0.617246 0.815168 0.591542 0.879263 0.628307 0.280559 0.32851 0.378337 0.554633 0.46356 0.585505 0.408924 0.517521 0.497108 0.495678 0.678037 0.711109 
0.681232 0.824815 0.684606 0.496673 0.216018 0.377146 0.40507 0.593581 0.346619 0.686123 0.387747 0.53511 0.596177 0.429259 0.175753 0.666509 0.234548 0.489794 0.273203 0.715585 0.632714 0.664286 0.514766 50.3365 0.516762 0.375527 0.253664 0.665022 0.278303 0.607979 0.276701 0.157546 0.714997 0.923328 0.827681 0.442676 0.314447 0.19135 0.274746 0.820533 0.77606 0.703163 0.368208 0.643893 0.475162 0.425146 0.234522 0.566965 0.00443714 0.603643 0.537434 0.325935 0.645638 0.644497 0.499539 0.843637 0.75339 0.420775 0.605893 0.694667 0.450968 0.628323 0.557767 0.984267 0.697453 0.350515 0.75275 0.136554 0.538699 0.456504 0.505623 0.525951 0.598805 0.201453 0.654078 0.357682 0.57518 0.363715 0.674115 0.311623 0.0943842 0.515269 0.459637 0.507507 0.33457 0.364835 0.244715 0.721486 0.139577 0.75285 0.752207 0.684311 0.289823 0.619131 0.476735 0.475664 0.727344 0.536075 0.387797 0.377569 
0.257703 0.766845 0.297048 0.398187 0.516472 0.863466 0.518481 0.885743 0.310827 0.490738 0.208334 0.470853 0.575463 0.488201 0.459726 0.882491 0.647593 0.679326 0.435497 0.621416 0.309403 0.544789 0.502 0.516762 50.7141 0.961533 0.283871 0.262812 0.279178 0.496424 0.568342 0.400401 0.512863 0.783784 0.708005 0.795101 0.672696 0.383151 0.464398 0.25163 0.495896 0.875018 0.358783 0.942457 0.606082 0.544292 0.776081 0.457564 0.341214 0.276003 0.82103 0.446365 0.341466 0.386665 0.240886 0.393885 0.320239 0.226381 0.740368 0.275446 0.655332 0.248862 0.296102 0.177069 0.635964 0.729489 0.87812 0.294091 0.208339 0.729063 0.717627 0.868446 0.528239 0.681361 0.584412 0.243646 0.752737 0.483128 0.713393 0.658442 0.292504 0.439917 0.542048 0.789067 0.568836 0.329486 0.504744 0.0889323 0.24439 0.544234 0.550777 0.308359 0.548471 0.749267 0.316178 0.858884 0.662705 0.596169 0.368202 0.423486 
0.469575 0.839083 0.591445 0.106917 0.655754 0.535632 0.397869 0.627676 0.302156 0.170027 0.609288 0.41955 0.567378 0.519296 0.73468 0.771174 0.455183 0.0723283 0.897036 0.70706 0.641483 0.670332 0.844114 0.375527 0.961533 50.9378 0.434983 0.387156 0.772648 0.521926 0.538858 0.617757 0.95484 0.57139 0.650546 0.591965 0.544755 0.300387 0.578175 0.521105 0.484732 0.499182 0.764051 0.627889 0.400833 0.628512 0.494311 0.334384 0.82409 0.23462 0.598344 0.587597 0.470975 0.416132 0.412835 0.627646 0.524492 0.336073 0.313648 0.737427 0.532048 0.270558 0.297525 0.599232 0.396753 0.543354 0.732965 0.428657 0.720277 0.411578 0.870093 0.210395 0.580417 0.497913 0.822132 0.425074 0.413629 0.756007 0.732873 0.493885 0.152546 0.544027 0.366323 0.949007 0.185084 0.15192 0.549052 0.474604 0.452162 0.799494 0.505676 0.632282 0.496378 0.499028 0.576558 0.113535 0.504105 0.315212 0.448106 0.624526 
0.327334 0.565547 0.441837 0.206287 0.238944 0.733246 0.344044 0.571343 0.458285 0.525021 0.692692 0.575227 0.578852 0.308211 0.902023 0.422472 0.426637 0.622048 0.519617 0.709061 0.244914 0.334505 0.242905 0.253664 0.283871 0.434983 50.6644 0.665063 0.054305 0.141691 0.63426 0.764794 0.365912 0.498835 0.483793 0.841634 0.660744 0.620392 0.468002 0.209355 0.440478 0.281506 0.385986 0.480151 0.432499 0.398105 0.816203 0.501958 0.498232 0.520844 0.260714 0.182053 0.644662 0.476074 0.570742 0.389977 0.807412 0.609712 0.617332 0.750636 0.291318 0.352261 0.770535 0.536251 0.640887 0.661567 0.621285 0.158889 0.0811493 0.321427 0.326272 0.490476 0.813068 0.719966 0.74782 0.372954 0.563158 0.414545 0.689634 0.2172 0.319954 0.774961 0.534936 0.765356 0.664553 0.0964114 0.273125 0.443168 0.357057 0.181746 0.488973 0.670181 0.591867 0.262154 0.339373 0.312677 0.905074 0.660796 0.323283 0.142727 
0.236752 0.575025 0.158238 0.236987 0.579186 0.77881 0.310867 0.308315 0.507897 0.335558 0.648691 0.596708 0.569937 0.544766 0.495606 0.624206 0.367035 0.640106 0.818994 0.456184 0.215494 0.541287 0.594318 0.665022 0.262812 0.387156 0.665063 50.0632 0.474081 0.185882 0.0871739 0.801073 0.730732 0.522158 0.6305 0.513042 0.572207 0.517714 0.448643 0.531088 0.468003 0.595296 0.759399 0.0825484 0.812898 0.494192 0.961198 0.673412 0.278731 0.744362 0.276204 0.894829 0.524368 0.603775 0.373331 0.399443 0.771123 0.256034 0.643707 0.552278 0.545773 0.433687 0.148103 0.255042 0.606038 0.908159 0.505042 0.13359 0.717517 0.979811 0.433851 0.0773007 0.537453 0.561614 0.509593 0.664302 0.301054 0.0549363 0.1934 0.501152 0.636125 0.35971 0.413619 0.757524 0.372165 0.531671 0.415837 0.241854 0.353243 0.424976 0.470199 0.49233 0.429391 0.421782 0.302479 0.900639 0.371869 0.484206 0.885969 0.580242 
0.971263 0.63618 0.381479 0.509923 0.79152 0.596086 0.0910545 0.557199 0.289924 0.613986 0.470756 0.193816 0.316481 0.497098 0.303668 0.48115 0.248258 0.586478 0.248199 0.431905 0.739215 0.838932 0.429973 0.278303 0.279178 0.772648 0.054305 0.474081 50.6056 0.288561 0.655319 0.704737 0.70829 0.412721 0.370125 0.719659 0.496404 0.236768 0.775384 0.391015 0.63635 0.464009 0.283644 0.575582 0.226263 0.405606 0.250151 0.107739 0.374644 0.68605 0.378041 0.437766 0.367401 0.793793 0.593152 0.470783 0.655232 0.640366 0.276707 0.521901 0.775303 0.49225 0.465626 0.547641 0.114686 0.338803 0.446304 0.721069 0.313462 0.327719 0.876219 0.308166 0.726537 0.793839 0.438205 0.663605 0.375493 0.436905 0.360014 0.510612 0.557132 0.329348 0.397313 0.275395 0.424631 0.46773 0.784632 0.609095 0.414118 0.350235 0.633001 0.363223 0.429815 0.533178 0.130624 0.654831 0.703027 0.621793 0.270242 0.315417 
0.150918 0.199813 0.549506 0.748151 0.503372 0.766317 0.494636 0.201833 0.4941 0.715173 0.886552 0.552162 0.419322 0.32989 0.431056 0.736532 0.602128 0.559729 0.704582 0.544345 0.443421 0.748824 0.376525 0.607979 0.496424 0.521926 0.141691 0.185882 0.288561 50.3201 0.400462 0.448075 0.566871 0.52053 0.141742 0.588289 0.372387 0.154871 0.329274 0.421963 0.825692 0.380566 0.544643 0.627537 0.482863 0.543624 0.440358 0.379537 0.327869 0.258748 0.627266 0.542273 0.403261 0.697433 0.852628 0.455427 0.204491 0.43241 0.446258 0.734936 0.207886 0.541679 0.414543 0.354299 0.313726 0.713695 0.979645 0.645926 0.260407 0.636501 0.579937 0.143338 0.797718 0.476044 0.799977 0.778122 0.31677 0.318263 0.432237 0.295916 0.507767 0.699515 0.333132 0.456688 0.559532 0.617589 0.413859 0.550202 0.456538 0.563282 0.603675 0.561263 0.491424 0.459597 0.345266 0.848898 0.694577 0.420196 0.693394 0.684587 
0.285846 0.154021 0.783265 0.47381 0.23951 0.333108 0.715221 0.328176 0.754164 0.46637 0.517951 0.681412 0.502544 0.199045 0.32408 0.336799 0.521994 0.849458 0.342033 0.606631 0.525389 0.741712 0.452146 0.276701 0.568342 0.538858 0.63426 0.0871739 0.655319 0.400462 50.6378 0.338648 0.515454 0.317718 0.682278 0.402187 0.465355 0.63326 0.501072 0.565207 0.38973 0.717926 0.344597 0.618629 0.623067 0.582976 0.317144 0.810882 0.471893 0.761534 0.40238 0.814676 0.485583 0.34557 0.413284 0.382692 0.370811 0.491759 0.137868 0.0951568 0.555044 0.480364 0.703238 0.352725 0.545451 0.38262 0.497306 0.565185 0.578351 0.274111 0.600585 0.420377 0.543766 0.452063 0.735103 0.413499 0.586141 0.610376 0.72145 0.537103 0.273043 0.636232 0.609668 0.562021 0.25361 0.0378755 0.565114 0.432305 0.797745 0.80531 0.1606 0.478309 0.450296 0.376193 0.0667453 0.413724 0.488277 0.0598426 0.266293 0.460226 
0.491367 0.409275 0.640317 0.770037 0.558228 0.63214 0.71704 0.637193 0.557594 0.160256 0.21183 0.455875 0.28739 0.457225 0.673574 0.523476 0.737535 0.759023 0.456209 0.338876 0.600642 0.37882 0.748529 0.157546 0.400401 0.617757 0.764794 0.801073 0.704737 0.448075 0.338648 50.0039 0.68092 0.559573 0.911065 0.567203 0.475287 0.693148 0.547319 0.652778 0.838159 0.475005 0.571902 0.578832 0.722652 0.529098 0.579564 0.631375 0.428899 0.164055 0.499386 0.698235 0.607025 0.393652 0.753183 0.587384 0.113726 0.711011 0.580949 0.787669 0.748206 0.643009 0.583323 0.765603 0.840091 0.695499 0.5471 0.328379 0.51829 0.815088 0.0597237 0.181448 0.918755 0.673635 0.199298 0.484326 0.140199 0.623922 0.586999 0.289151 0.756844 0.645341 0.761986 0.496059 0.374827 0.506319 0.358143 0.474579 0.284577 0.251468 0.556743 0.468344 0.331743 0.780161 0.489548 0.120482 0.72494 0.560288 0.434678 0.31897 
0.629376 0.694079 0.368962 0.663126 0.54782 0.559291 0.449102 0.530125 0.536595 0.851511 0.509719 0.404772 0.331271 0.175962 0.508244 0.50918 0.833567 0.295738 0.726091 0.652433 0.705097 0.565913 0.408928 0.714997 0.512863 0.95484 0.365912 0.730732 0.70829 0.566871 0.515454 0.68092 50.5863 0.0767952 0.338767 0.398573 0.63914 0.0362101 0.552113 0.449466 0.90854 0.499632 0.466219 0.550903 0.366787 0.261887 0.732435 0.328982 0.669506 0.41915 0.298411 0.0714396 0.745734 0.536489 0.0865222 0.321546 0.308832 0.154212 0.903151 0.597205 0.713394 0.766332 0.6276 0.654946 0.621376 0.636691 0.384521 0.536688 0.495654 0.121189 0.48204 0.487509 0.628193 0.74719 0.704511 0.384594 0.686676 0.578265 0.609101 0.618264 0.289576 0.781091 0.625674 0.686785 0.70286 0.45638 0.533939 0.326831 0.561923 0.456617 0.479839 0.366186 0.486423 0.429611 0.743864 0.40333 0.0702026 0.474285 0.662594 0.76734 
0.371798 0.122869 0.489263 0.761944 0.727408 0.371415 0.656909 0.210844 0.65784 0.179852 0.397966 0.366691 0.411285 0.186212 0.592331 0.972365 0.661002 0.406899 0.393101 0.051418 0.0908247 0.0551432 0.45798 0.923328 0.783784 0.57139 0.498835 0.522158 0.412721 0.52053 0.317718 0.559573 0.0767952 50.5062 0.909747 0.839155 0.345316 0.529326 0.493564 0.653481 0.60912 0.463676 0.234812 0.595763 0.933816 0.492136 0.281625 0.476557 0.369779 0.482969 0.696365 0.349828 0.608816 0.255858 0.333581 0.123883 0.332576 0.362515 0.531357 0.468544 0.726994 0.166371 0.530818 0.428953 0.51492 0.545738 0.345967 0.496052 0.388685 0.544212 0.52122 0.678131 0.448386 0.659447 0.30026 0.51402 0.486336 0.672469 0.322833 0.304266 0.175396 0.440659 0.183366 0.346574 0.828355 0.28125 0.530519 0.635204 0.836245 0.537475 0.64676 0.247491 0.549954 0.794926 0.446935 0.207964 0.75293 0.556014 0.543927 0.278304 
0.520937 0.371009 0.305346 0.723394 0.31767 0.629998 0.322582 0.697839 0.247178 0.35494 0.635279 0.599544 0.173632 0.931275 0.980046 0.355458 0.638151 0.396125 0.200879 0.382925 0.434149 0.620897 0.322516 0.827681 0.708005 0.650546 0.483793 0.6305 0.370125 0.141742 0.682278 0.911065 0.338767 0.909747 50.851 0.93888 0.433137 0.299411 0.544012 0.404467 0.721713 0.280796 0.660506 0.324359 0.339521 0.547604 0.518978 0.52801 0.363848 0.606707 0.701256 0.824568 0.344804 0.440303 0.745972 0.556874 0.606939 0.66037 0.131926 0.329201 0.614033 0.610516 0.255444 0.247654 0.444096 0.317392 0.218003 0.569352 0.397523 0.816565 0.707338 0.279434 0.859272 0.787613 0.590745 0.516734 0.850066 0.544992 0.381255 0.41571 0.939179 0.601055 0.242984 0.483622 0.0746265 0.499195 0.564339 0.26046 0.780577 0.607339 0.590637 0.31812 0.527362 0.812257 0.416638 0.733016 0.499477 0.564373 0.767449 0.570826 
0.752962 0.809132 0.379449 0.631535 0.48457 0.517134 0.705053 0.447797 0.816208 0.382786 0.9781 0.766592 0.285239 0.580026 0.459529 0.375815 0.239477 0.593659 0.314465 0.849108 0.239676 0.237315 0.148408 0.442676 0.795101 0.591965 0.841634 0.513042 0.719659 0.588289 0.402187 0.567203 0.398573 0.839155 0.93888 50.4893 0.473024 0.514806 0.0473216 0.393407 0.220475 0.0371008 0.330177 0.629129 0.32621 0.293503 0.193738 0.487864 0.382098 0.569684 0.151289 0.494052 0.641776 0.385706 0.37879 0.338829 0.33918 0.141243 0.603707 0.197006 0.720393 0.482051 0.362461 0.845686 0.49778 0.613609 0.499345 0.443418 0.469912 0.294604 0.434157 0.285062 0.609011 0.456322 0.546743 0.643845 0.572446 0.485967 0.53582 0.669742 0.415597 0.317734 0.459438 0.630985 0.351511 0.835429 0.242094 0.31735 0.550498 0.618057 0.519029 0.651865 0.179573 0.766214 0.292805 0.597827 0.553907 0.75791 0.300729 0.147039 
0.681029 0.318741 0.343102 0.255418 0.219309 0.475025 0.56556 0.148558 0.393711 0.518658 0.336716 0.569532 0.739498 0.361997 0.329905 0.143448 0.602977 0.291472 0.416095 0.379396 0.560174 0.929482 0.257305 0.314447 0.672696 0.544755 0.660744 0.572207 0.496404 0.372387 0.465355 0.475287 0.63914 0.345316 0.433137 0.473024 50.6855 0.143533 0.770212 0.65499 0.384286 0.739915 0.332184 0.249796 0.355223 0.388673 0.611675 0.61567 0.60277 0.717745 0.846022 0.59866 0.80913 0.323741 0.65404 0.675959 0.279329 0.805354 0.349797 0.673418 0.406618 0.562184 0.878191 0.271706 0.449034 0.145506 0.370813 0.912703 0.626666 0.174407 0.672462 0.0727392 0.560843 0.27293 0.22399 0.411262 0.624238 0.58058 0.531771 0.522434 0.868773 0.503989 0.589192 0.716694 0.678503 0.581913 0.0543923 0.531274 0.207421 0.475293 0.404336 0.762783 0.39622 0.583992 0.268638 0.484078 0.491014 0.414957 0.482164 0.595543 
0.858808 0.40315 0.780162 0.566741 0.372737 0.52385 0.785641 0.276398 0.178737 0.397881 0.553767 0.977318 0.951369 0.692768 0.594292 0.873389 0.593684 0.414332 0.626335 0.219077 0.367838 0.257976 0.494855 0.19135 0.383151 0.300387 0.620392 0.517714 0.236768 0.154871 0.63326 0.693148 0.0362101 0.529326 0.299411 0.514806 0.143533 50.0518 0.156985 0.514269 0.647783 0.512347 0.224208 0.666922 0.447121 0.499561 0.279974 0.737248 0.592096 0.66538 0.505229 0.712288 0.530784 0.480971 0.141398 0.690417 0.863646 0.768623 0.561851 0.551139 0.725483 0.335351 0.704883 0.508989 0.499686 0.777192 0.523715 0.154011 0.637255 0.238069 0.409556 0.651175 0.756715 0.392734 0.698314 0.440507 0.549907 0.324828 0.431769 0.385688 0.241525 0.682806 0.166067 0.488272 0.117318 0.605122 0.640713 0.916493 0.243481 0.203469 0.699571 0.135279 0.283111 0.360051 0.237693 0.245702 0.506181 0.569866 0.462452 0.506673 
0.433567 0.265841 0.843549 0.481827 0.320428 0.59043 0.55461 0.592957 0.484644 0.437617 0.498371 0.107252 0.287372 0.603435 0.18031 0.519157 0.143571 0.532165 0.661223 0.608914 0.504381 0.852091 0.672553 0.274746 0.464398 0.578175 0.468002 0.448643 0.775384 0.329274 0.501072 0.547319 0.552113 0.493564 0.544012 0.0473216 0.770212 0.156985 50.8422 0.462392 0.368184 0.341348 0.519592 0.666388 0.59231 0.863754 0.288409 0.414657 0.509077 0.517045 0.521912 0.323346 0.272015 0.57789 0.572447 0.669878 0.517635 0.502594 0.897065 0.333538 0.436372 0.626076 0.897119 0.68244 0.693225 0.497512 0.769088 0.190592 0.766203 0.774835 0.901538 0.870487 0.302388 0.3529 0.426725 0.786525 0.412533 0.789159 0.357781 0.781157 0.199182 0.386403 0.639738 0.359935 0.765121 0.770012 0.869077 0.411445 0.548411 0.802916 0.513441 0.41751 0.68558 0.745915 0.375184 0.375077 0.515589 0.417104 0.810904 0.560992 
0.883328 0.740617 0.565431 0.342701 0.425492 0.38958 0.67726 0.350168 0.705186 0.545919 0.51808 0.130721 0.403701 0.564705 0.336449 0.59236 0.310089 0.26023 0.244101 0.571726 0.0273894 0.0989563 0.260052 0.820533 0.25163 0.521105 0.209355 0.531088 0.391015 0.421963 0.565207 0.652778 0.449466 0.653481 0.404467 0.393407 0.65499 0.514269 0.462392 50.5007 0.325536 0.672544 0.405709 0.288816 0.270003 0.50226 0.697373 0.863164 0.340846 0.542522 0.44672 0.432066 0.714769 0.467703 0.351418 0.784206 0.332336 0.58644 0.173511 0.547203 0.327531 0.453354 0.635365 0.524265 0.561582 0.66405 0.261528 0.764542 0.647541 0.509204 0.372152 0.329763 0.621793 0.703998 0.114016 0.564771 0.190245 0.577878 0.47161 0.557653 0.24406 0.454441 0.638952 0.422108 0.437381 0.470548 0.443 0.600264 0.938647 0.766155 0.519467 0.635195 0.416326 0.679116 0.575127 0.604316 0.197034 0.743088 0.739516 0.956305 
0.491448 0.16164 0.372718 0.446664 0.499599 0.447406 0.196329 0.449603 0.689419 0.413779 0.409016 0.182643 0.250092 0.448143 0.835492 0.472817 0.504002 0.43064 0.379306 0.63571 0.33386 0.793975 0.492763 0.77606 0.495896 0.484732 0.440478 0.468003 0.63635 0.825692 0.38973 0.838159 0.90854 0.60912 0.721713 0.220475 0.384286 0.647783 0.368184 0.325536 50.3286 0.456414 0.167198 0.519972 0.818428 0.443237 0.153612 0.4905 0.703135 0.444478 0.469317 0.356172 0.502961 0.219466 0.375673 0.413574 0.352951 0.656852 0.642934 0.223826 0.354076 0.491065 0.267205 0.210072 0.377329 0.644519 0.283827 0.667057 0.361612 0.748729 0.327163 0.938404 0.588053 0.708157 0.682723 0.29659 0.697391 0.732255 0.497646 0.19419 0.325813 0.838237 0.838533 0.128974 0.464848 0.367886 0.189008 0.214038 0.490526 0.817342 0.616858 0.153656 0.396741 0.781992 0.174068 0.439778 0.330432 0.275649 0.482859 0.284806 
0.398873 0.752086 0.400191 0.329341 0.469742 0.770751 0.215982 0.799919 0.477065 0.648243 0.273775 0.279124 0.162139 0.210125 0.556696 0.377375 0.670581 0.493293 0.572881 0.211094 0.436944 0.776327 0.532022 0.703163 0.875018 0.499182 0.281506 0.595296 0.464009 0.380566 0.717926 0.475005 0.499632 0.463676 0.280796 0.0371008 0.739915 0.512347 0.341348 0.672544 0.456414 50.1549 0.813309 0.287848 0.246327 0.262408 0.623285 0.439124 0.477534 0.857373 0.0204022 0.800462 0.596678 0.635478 0.545288 0.776676 0.476637 0.390555 0.159299 0.350281 0.659818 0.791639 0.690509 0.245092 0.776795 0.855136 0.278097 0.74564 0.47768 0.48934 0.673061 0.444787 0.476157 0.335791 0.710412 0.665873 0.304369 0.548908 0.671893 0.303396 0.809026 0.433162 0.634026 0.61102 0.664464 0.522024 0.331178 0.514266 0.31642 0.320336 0.354709 0.809608 0.265692 0.943516 0.580901 0.695893 0.786369 0.64374 0.384776 0.563687 
0.281102 0.152245 0.310398 0.458441 0.428426 0.7086 0.761288 0.330335 0.241222 0.371303 0.349332 0.462984 0.339518 0.803143 0.699906 0.657393 0.468053 0.436599 0.151884 0.626475 0.664425 0.62863 0.769104 0.368208 0.358783 0.764051 0.385986 0.759399 0.283644 0.544643 0.344597 0.571902 0.466219 0.234812 0.660506 0.330177 0.332184 0.224208 0.519592 0.405709 0.167198 0.813309 50.2456 0.616657 0.351655 0.432517 0.551162 0.17447 0.205124 0.626829 0.456749 0.82007 0.462489 0.739763 0.607167 0.289312 0.259039 0.544924 0.783361 0.882687 0.506749 0.617277 0.47517 0.779558 0.218375 0.674806 0.276011 0.300129 0.843894 0.483399 0.753438 0.898099 0.638585 0.443389 0.419774 0.726283 0.580696 0.697483 0.627724 0.176986 0.429625 0.421352 0.45248 0.958577 0.230519 0.142544 0.816462 0.278074 0.219345 0.597528 0.437845 0.616668 0.454506 0.696245 0.481427 0.417764 0.384829 0.593191 0.268968 0.446104 
0.942338 0.571149 0.522371 0.497264 0.443641 0.26627 0.339784 0.326414 0.261183 0.337751 0.495384 0.793448 0.519978 0.385087 0.664256 0.491041 0.368399 0.767778 0.161765 0.50077 0.467749 0.589331 0.575903 0.643893 0.942457 0.627889 0.480151 0.0825484 0.575582 0.627537 0.618629 0.578832 0.550903 0.595763 0.324359 0.629129 0.249796 0.666922 0.666388 0.288816 0.519972 0.287848 0.616657 50.3869 0.408251 0.189559 0.394207 0.760989 0.565482 0.709752 0.581376 0.691316 0.454836 0.86918 0.709529 0.471097 0.512344 0.458348 0.181599 0.169565 0.292255 0.53516 0.466999 0.4497 0.511338 0.674088 0.157304 0.553667 0.561425 0.45481 0.328399 0.599259 0.452979 0.505963 0.511978 0.227663 0.258927 0.549779 0.45546 0.201557 0.768446 0.673153 0.557732 0.585284 0.388152 0.351146 0.532092 0.382005 0.395355 0.507645 0.430806 0.431165 0.725811 0.472507 0.479139 0.408334 0.443453 0.212506 0.719733 0.270017 
